# of vertices = 64
0.000047	0.002206	0.002253
0.000036	0.001536	0.001572
0.000036	0.001500	0.001536
0.000040	0.006642	0.006682
0.000039	0.001500	0.001539
0.000038	0.001514	0.001552
0.000037	0.001493	0.001530
0.000036	0.007022	0.007058
0.000035	0.001467	0.001502
0.000040	0.001515	0.001555
# of vertices = 128
0.000039	0.003082	0.003121
0.000038	0.008369	0.008407
0.000035	0.003029	0.003064
0.000035	0.003076	0.003111
0.000036	0.003185	0.003221
0.000037	0.003090	0.003127
0.000050	0.002992	0.003042
0.000038	0.006648	0.006686
0.000038	0.006508	0.006546
0.000036	0.006680	0.006716
# of vertices = 256
0.000041	0.009520	0.009561
0.000036	0.008210	0.008246
0.000039	0.008978	0.009017
0.000036	0.006178	0.006214
0.000037	0.009193	0.009230
0.000032	0.005982	0.006014
0.000035	0.006099	0.006134
0.000035	0.006422	0.006457
0.000033	0.006086	0.006119
0.000036	0.020398	0.020434
# of vertices = 512
0.000062	0.029724	0.029786
0.000061	0.027370	0.027431
0.000062	0.036400	0.036462
0.000059	0.030228	0.030287
0.000060	0.031796	0.031856
0.000059	0.035668	0.035727
0.000063	0.027289	0.027352
0.000052	0.029829	0.029881
0.000064	0.027356	0.027420
0.000059	0.030548	0.030607
# of vertices = 64
0.000084	0.001339	0.001423
0.000068	0.001395	0.001463
0.000059	0.000888	0.000947
0.000053	0.000915	0.000968
0.000106	0.000901	0.001007
0.000047	0.000892	0.000939
0.000045	0.000891	0.000936
0.000091	0.000918	0.001009
0.000045	0.000886	0.000931
0.000076	0.000900	0.000976
# of vertices = 128
0.000045	0.001780	0.001825
0.000082	0.002649	0.002731
0.000047	0.001914	0.001961
0.000059	0.001807	0.001866
0.000100	0.001817	0.001917
0.000046	0.001805	0.001851
0.000080	0.001821	0.001901
0.000104	0.001805	0.001909
0.000061	0.001807	0.001868
0.000065	0.001774	0.001839
# of vertices = 256
0.000053	0.003966	0.004019
0.000065	0.005438	0.005503
0.000085	0.005853	0.005938
0.000064	0.005555	0.005619
0.000047	0.003822	0.003869
0.000045	0.003862	0.003907
0.000045	0.003577	0.003622
0.000060	0.003557	0.003617
0.000056	0.003560	0.003616
0.000045	0.003665	0.003710
# of vertices = 512
0.000053	0.007932	0.007985
0.000045	0.007264	0.007309
0.000059	0.007161	0.007220
0.000084	0.010721	0.010805
0.000062	0.007600	0.007662
0.000050	0.007929	0.007979
0.000045	0.007309	0.007354
0.000044	0.007643	0.007687
0.000087	0.007185	0.007272
0.000060	0.007281	0.007341
