rand_assign_submatrix
start demand_paging=0
n=64
0.000036	0.000365	0.000401
0.000035	0.000365	0.000400
0.000039	0.000422	0.000461
0.000032	0.000361	0.000393
0.000049	0.000361	0.000410
0.000040	0.000422	0.000462
0.000030	0.000359	0.000389
0.000035	0.000362	0.000397
0.000034	0.000360	0.000394
0.000036	0.000360	0.000396
n=128
0.000042	0.000139	0.000181
0.000036	0.000125	0.000161
0.000035	0.000125	0.000160
0.000037	0.000122	0.000159
0.000037	0.000139	0.000176
0.000040	0.000138	0.000178
0.000038	0.000141	0.000179
0.000040	0.000138	0.000178
0.000035	0.000125	0.000160
0.000046	0.000138	0.000184
n=256
0.000046	0.000049	0.000095
0.000045	0.000048	0.000093
0.000046	0.000049	0.000095
0.000042	0.000048	0.000090
0.000041	0.000048	0.000089
0.000046	0.000050	0.000096
0.000046	0.000052	0.000098
0.000046	0.000050	0.000096
0.000053	0.000050	0.000103
0.000050	0.000051	0.000101
n=512
0.000072	0.000029	0.000101
0.000068	0.000025	0.000093
0.000071	0.000028	0.000099
0.000077	0.000028	0.000105
0.000072	0.000029	0.000101
0.000075	0.000028	0.000103
0.000072	0.000028	0.000100
0.000094	0.000029	0.000123
0.000075	0.000028	0.000103
0.000079	0.000029	0.000108
start demand_paging=1
n=64
0.000030	0.000513	0.000543
0.000195	0.000501	0.000696
0.000032	0.000525	0.000557
0.000033	0.000501	0.000534
0.000029	0.000505	0.000534
0.000031	0.000500	0.000531
0.000032	0.000505	0.000537
0.000032	0.000502	0.000534
0.000049	0.000504	0.000553
0.000032	0.000501	0.000533
n=128
0.000033	0.000213	0.000246
0.000032	0.000217	0.000249
0.000029	0.000222	0.000251
0.000033	0.000217	0.000250
0.000031	0.000796	0.000827
0.000032	0.000220	0.000252
0.000032	0.000217	0.000249
0.000050	0.000217	0.000267
0.000032	0.000212	0.000244
0.000032	0.000216	0.000248
n=256
0.000030	0.000140	0.000170
0.000033	0.000130	0.000163
0.000031	0.000129	0.000160
0.000045	0.000127	0.000172
0.000028	0.000138	0.000166
0.000164	0.000144	0.000308
0.000029	0.000139	0.000168
0.000036	0.000140	0.000176
0.000032	0.000129	0.000161
0.000032	0.000130	0.000162
n=512
0.000032	0.000118	0.000150
0.000032	0.000120	0.000152
0.000032	0.000120	0.000152
0.000031	0.000120	0.000151
0.000030	0.000120	0.000150
0.000032	0.000119	0.000151
0.000031	0.000121	0.000152
0.000032	0.000121	0.000153
0.000032	0.000121	0.000153
0.000050	0.000123	0.000173
