benchmark start
size = 64
0.000086	0.022610	0.022696
0.000065	0.022090	0.022155
0.000061	0.015695	0.015756
0.000046	0.014512	0.014558
0.000045	0.014054	0.014099
0.000046	0.014382	0.014428
0.000046	0.015031	0.015077
0.000046	0.013924	0.013970
0.000046	0.014430	0.014476
0.000049	0.014503	0.014552
size = 238
0.000064	0.153819	0.153883
0.000046	0.125364	0.125410
0.000049	0.124632	0.124681
0.000061	0.125923	0.125984
0.000064	0.157103	0.157167
0.000046	0.126042	0.126088
0.000050	0.124835	0.124885
0.000046	0.125051	0.125097
0.000046	0.159540	0.159586
0.000045	0.124515	0.124560
size = 256
0.000045	1.422333	1.422378
0.000061	2.088745	2.088806
0.000061	2.630461	2.630522
0.000062	1.800186	1.800248
0.000046	1.736424	1.736470
0.000047	1.563805	1.563852
0.000062	1.949965	1.950027
0.000046	2.104815	2.104861
0.000046	1.703054	1.703100
0.000046	1.584402	1.584448
size = 512
0.000047	25.683976	25.684023
0.000046	26.072235	26.072281
0.000047	26.151418	26.151465
0.000046	26.198660	26.198706
0.000046	26.234510	26.234556
0.000046	26.251722	26.251768
0.000046	26.160704	26.160750
0.000047	26.104760	26.104807
0.000046	26.136115	26.136161
0.000047	26.330715	26.330762
benchmark end
benchmark start
size = 64
0.000080	0.021227	0.021307
0.000059	0.013765	0.013824
0.000057	0.013759	0.013816
0.000057	0.014116	0.014173
0.000059	0.013742	0.013801
0.000072	0.014076	0.014148
0.000058	0.013771	0.013829
0.000058	0.014118	0.014176
0.000057	0.013789	0.013846
0.000057	0.020530	0.020587
size = 238
0.000094	0.152876	0.152970
0.000062	0.122689	0.122751
0.000063	0.123271	0.123334
0.000062	0.123158	0.123220
0.000063	0.160168	0.160231
0.000062	0.122559	0.122621
0.000068	0.123255	0.123323
0.000063	0.123482	0.123545
0.000067	0.123114	0.123181
0.000067	0.123304	0.123371
size = 256
0.000085	1.044426	1.044511
0.000077	1.047979	1.048056
0.000084	1.055248	1.055332
0.000078	1.065793	1.065871
0.000080	1.056662	1.056742
0.000079	1.053816	1.053895
0.000083	1.067941	1.068024
0.000083	1.082261	1.082344
0.000083	1.053029	1.053112
0.000080	1.058392	1.058472
size = 512
0.000214	23.420636	23.420850
0.000150	23.568254	23.568404
0.000150	23.428332	23.428482
0.000150	23.568377	23.568527
0.000150	23.398320	23.398470
0.000149	23.400017	23.400166
0.000152	23.567801	23.567953
0.000148	23.400607	23.400755
0.000149	23.398716	23.398865
0.000154	23.399228	23.399382
benchmark end
